47
42
99
111
110
115
116
32
116
117
116
111
114
105
97
108
32
61
32
114
101
113
117
105
275
40
39
46
47
264
116
39
41
59
10
258
260
111
108
101
46
108
111
103
40
285
267
269
108
46
115
117
109
40
49
44
49
41
288
290
259
115
293
295
297
299
301
268
270
46
80
73
314
291
317
294
296
298
40
110
101
119
263
265
302
324
83
77
79
40
313
59
42
47
10
315
260
262
69
118
101
110
116
69
109
105
116
116
101
114
272
274
276
278
280
39
101
355
357
115
287
289
329
262
372
356
358
360
362
364
366
335
337
354
381
359
361
363
114
345
289
10
380
357
391
384
114
46
259
281
285
39
44
334
307
310
110
307
50
41
61
62
123
10
9
329
318
332
299
412
109
49
43
425
414
289
125
314
397
373
382
392
364
46
101
383
405
265
407
310
430
350
99
108
97
115
115
32
80
364
317
110
32
101
120
363
110
100
452
389
399
383
393
418
420
316
116
114
117
99
266
394
110
97
109
101
41
469
9
306
112
364
395
419
9
116
104
105
115
46
95
478
480
386
479
101
289
9
125
419
103
101
262
497
101
345
483
275
264
114
457
491
493
495
509
502
504
504
10
294
262
486
100
114
111
386
336
453
455
404
39
454
528
111
376
524
507
32
99
104
268
261
105
478
531
337
454
114
456
281
67
545
493
116
548
97
540
544
546
559
478
403
110
281
509
407
345
416
469
421
331
320
281
109
121
32
509
32
493
32
39
32
43
543
557
547
566
509
314
432
289
527
529
567
569
500
571
415
417
419
575
319
333
39
579
581
500
583
452
586
588
597
111
46
593
431
314
32
10
617
439
441
39
570
328
590
565
97
626
361
600
480
